4.877079 -32.416660 17.377808
-0.095680 -11.367119 -27.199093
-23.897379 -25.537640 43.446636
-9.218261 -0.522001 -20.010027
48.002834 3.691735 -10.386683
45.891872 -8.117767 17.862379
-13.598993 17.082163 49.474312
11.115878 26.622606 -18.678083
10.081454 -32.826103 0.306063
47.578049 6.781377 -10.935710
-26.802988 23.546721 49.410259
-2.785024 31.683628 10.443852
45.856533 -16.027166 9.926667
-3.504137 -8.467644 45.265869
25.170616 -29.813150 -3.939807
44.225319 19.584036 8.030861
8.992597 -30.606501 -6.457520
42.207470 -21.604933 -27.201988
31.459234 -27.861090 -2.245690
-49.896881 17.666468 37.381859
40.214844 21.888735 -20.892569
-11.400322 12.662077 50.875439
24.979221 8.485936 36.042244
19.067234 -32.471191 2.073464
17.224817 32.445972 -0.020874
-8.071014 -29.495348 -1.793679
-3.632429 31.936745 6.660575
36.274658 26.416113 3.978187
29.890388 -28.681934 1.628949
-45.841656 0.339813 40.944904
-7.727442 2.797921 -21.127819
-16.170465 1.321999 -14.747645
35.327591 -25.517620 -27.413698
29.562866 -2.776002 35.326748
19.132906 -13.816271 -37.347538
29.927628 2.421258 35.190136
47.213421 0.537113 -13.351506
-15.076996 20.295002 28.352045
-12.778169 26.941078 -1.007895
-4.914240 11.364814 -22.638742
-26.802988 23.546721 49.410259
-22.200434 -14.722589 52.828804
3.682787 3.367479 53.465122
49.751717 2.579829 1.026080
-7.771019 -16.844582 46.884258
14.782563 -4.123904 38.410126
21.356714 29.810516 -10.633221
18.495674 -6.075893 -38.080116
-6.580650 30.160889 13.713260
29.256874 28.894402 1.500004
7.024114 -3.332918 52.976757
48.576317 0.708854 -29.966105
30.494831 29.191578 8.956326
30.764519 -26.789604 -13.455557
-3.811122 -6.831958 -24.478138
-38.773678 -11.986191 20.546524
-28.335785 0.347860 59.597649
-28.987011 -25.543777 41.581963
46.853569 2.258631 -18.720173
-5.442486 17.833017 -20.444347
5.093720 32.787392 1.433266
-4.599179 15.203795 35.636406
-27.557587 0.816607 2.049768
48.369232 5.957724 -30.519503
24.234661 -30.183771 -3.839927
21.174877 -0.916766 37.541779
0.930712 16.817724 35.100315
-27.397556 -0.229173 1.558655
-20.076166 18.941404 19.623222
8.942941 30.859245 22.856501
10.673738 -32.596611 -0.898808
30.718933 28.014509 -2.095558
-43.845070 -3.658139 36.734039
5.257981 -23.786308 -24.706196
34.215588 11.066562 30.863804
7.868206 31.934864 19.079754
16.936743 26.572851 -25.627020
25.342407 -29.339483 -7.510287
21.550865 -5.331519 -38.983257
29.748249 -9.720747 33.732330
-34.175503 -15.039701 22.919125
37.894402 21.822876 19.868492
-23.629593 -14.457373 21.949013
-17.252159 -20.903341 47.575970
-7.977163 -28.104053 -15.730088
-7.166357 14.492737 40.584778
-0.726884 7.636583 -27.280489
4.985242 -26.105825 30.361633
30.621235 28.050945 -4.509176
-28.281441 -5.879054 8.136179
32.843449 8.135904 32.640816
23.029617 4.732041 -39.434349
-8.230518 18.823181 31.742979
-2.638365 -10.864138 44.137318
41.375835 -9.860232 24.674723
-18.014858 -21.796209 20.107363
-41.226074 -26.003887 35.809887
17.909397 -16.058270 34.926804
32.510784 -9.783593 32.216335
44.153988 -20.162664 3.420318
-24.362251 6.636256 -4.367118
40.607014 21.851538 -11.467915
-2.071280 7.789600 -25.990692
-51.236908 -11.057481 24.180292
49.589493 4.175040 -0.594885
-15.445513 25.976362 36.203621
-26.538080 3.370816 -1.585946
17.634079 -21.400610 32.675385
-7.316555 21.732624 -15.141893
15.982578 20.492821 -33.316601
18.838749 -12.321952 36.779343
-5.339182 -8.253799 47.965946
11.461964 24.954884 31.133278
-20.849167 29.072296 41.282795
-44.600033 -4.134670 31.070593
-20.282330 -16.801270 22.632420
33.425045 -3.552396 33.154167
11.388830 24.936035 31.163830
18.838060 -25.206945 28.822632
-18.776558 20.801434 -0.853600
32.513359 27.187950 17.410711
-45.069016 -4.300085 41.591698
-12.038244 17.402651 -13.440529
-4.088109 -20.821796 -20.131229
-32.768490 20.190800 53.807655
-18.361691 -18.905344 25.169088
-22.189226 15.541469 22.791008
-11.954054 -16.680058 -14.113295
-30.808138 21.579800 52.538258
15.221117 18.315353 34.480019
45.583519 17.995434 -1.332163
-4.915901 31.622604 6.881761
-7.317059 13.583225 41.848083
-0.040760 9.420479 38.809460
47.757835 -3.099013 -11.341547
48.475502 6.239029 -7.534110
10.079515 3.515563 -35.057129
-17.287014 -26.204041 35.870399
44.354309 11.069332 -35.053234
-12.578691 -28.180534 9.286393
17.904652 -32.521931 1.359077
-16.981033 25.720390 6.544851
47.532749 13.865541 5.296513
41.004555 21.062227 -14.666297
-19.579847 11.390123 -9.694199
16.470961 19.163971 33.878437
-27.513729 3.268054 17.744431
-9.751163 17.612246 -15.710269
6.565107 -15.277136 36.453712
-26.119717 -10.741978 16.063635
-9.558971 -27.175495 41.498600
-11.653424 -5.674918 -18.071272
37.010571 25.969135 1.595238
16.636410 33.361866 9.706454
10.695107 27.873096 -15.110395
42.532516 18.883085 -20.379509
5.739903 -3.203846 -32.779629
-9.399864 -6.806658 57.020168
-15.438372 -17.801172 -10.645384
-16.348232 -22.187763 22.374981
-12.883389 7.194278 53.613956
36.747154 19.324827 23.876928
-21.383181 -14.809712 20.602068
49.668552 0.383752 -0.915770
46.853569 2.258631 -18.720173
3.373250 7.219336 39.121300
-11.051686 8.855981 -17.683844
48.765099 -9.271071 5.928298
-8.043788 -18.734018 32.121742
-2.173985 11.662932 37.747730
11.897925 6.748065 -35.642075
-31.767376 21.887918 51.743355
29.363543 -5.953269 35.040287
30.332127 27.146137 19.838514
23.123014 30.778202 -1.440305
38.253399 13.089165 26.630733
32.649860 -8.729118 -39.488132
30.299618 27.909651 -7.208663
21.178505 29.780006 -11.348299
25.662952 -30.462620 3.896540
5.337976 -29.310495 -15.886137
46.248165 9.834861 -15.041626
-13.348464 26.629965 15.727665
24.051805 18.351702 32.134789
0.212402 35.328716 -9.596581
0.278545 -9.821887 38.146324
-10.920145 27.294344 42.121731
28.517086 9.649355 34.381599
4.120109 18.058872 -29.036489
39.623684 -12.821221 -37.456375
-0.977300 13.352600 -26.138851
18.865356 -10.234241 37.125988
8.637931 -32.571430 16.724323
20.341349 14.416798 -37.513741
14.905849 -28.859697 -13.977434
15.624874 -16.603146 35.249252
-32.968853 6.344447 21.055340
-5.226974 -9.613606 45.295231
-6.721459 22.543245 -15.110629
46.723152 -1.659709 -14.982975
-45.410236 -0.308151 41.587372
36.882984 4.384517 30.453562
-10.636256 22.051491 -11.200264
-13.344472 10.226887 54.404110
44.621189 17.241747 12.223640
-8.601477 -14.962651 44.752743
-24.766001 -12.381657 19.050501
49.716080 0.449601 6.079916
3.140256 -4.393731 44.812351
-21.848522 -14.122712 52.830723
11.440158 -28.042551 -14.690132
-45.571285 -2.056123 30.206766
18.165922 -19.060081 33.477383
16.661863 -27.320366 -20.917255
-30.303818 4.878623 20.269026
0.835675 -16.525593 35.183670
40.493877 -21.784616 15.253717
28.817251 27.307856 -14.534592
-20.559483 -13.100466 52.343197
-19.699011 -16.197119 -5.541676
48.406998 -10.082248 -5.046025
5.504055 7.640513 52.705391
41.411438 -22.070492 12.276328
-8.443908 -29.895943 -17.026817
-8.337802 -14.967260 -18.439049
8.966033 26.297049 -20.558594
0.309960 -11.131144 -27.596035
19.122362 29.139645 24.237816
-10.883852 22.912014 47.852703
-30.823690 4.374076 59.477940
-38.716240 -12.893898 22.237061
-28.112173 1.820496 15.219770
11.002271 -26.544460 -19.030550
19.826235 25.515364 -29.163277
-37.264862 23.746853 27.200737
43.458736 -17.180674 -19.400335
42.429718 -20.918718 -7.558872
11.286160 29.801565 -8.798414
25.819210 -21.957405 28.771973
21.539223 -31.354919 17.469151
-19.572762 25.201054 46.417843
-15.341187 25.692368 1.567227
49.586014 -0.894127 -1.867874
-21.070217 -19.595802 1.539731
29.135475 28.979887 2.754045
48.025566 6.973945 -9.109505
39.541153 -23.405050 -7.675454
-35.697483 -9.773756 14.726871
48.366085 -3.906800 12.326480
27.011152 -28.170273 20.905895
-4.493498 31.131821 11.744475
17.585623 -31.815361 -3.230697
-28.608860 -4.004342 5.710103
-10.142988 -2.024778 -19.178823
-3.771133 31.022245 -1.448554
39.027275 24.934576 8.915395
33.765091 27.779036 7.531785
-28.644146 3.553058 8.494338
-6.480553 -18.569561 32.356819
4.946318 31.544638 20.120483
14.520714 -32.510708 17.571070
-29.719358 1.416255 59.169075
13.075387 -27.059996 -18.217600
5.679209 -18.849726 -29.494530
-20.659410 -30.671434 38.408257
38.166462 25.113270 12.316136
-4.142335 14.199629 36.246731
-2.408067 19.811045 -22.835209
37.795757 10.414789 28.206610
34.314365 25.463718 -21.487503
44.243267 19.473705 8.394562
-52.731956 -11.045932 28.112604
-8.377705 -20.010929 30.389822
23.011166 -1.064141 37.316372
-8.654076 13.268932 46.078560
-17.269016 13.971874 -10.593138
-13.299115 27.813700 9.121850
-6.598256 23.004417 -14.946163
29.702230 -2.557304 -40.625504
4.167459 3.224617 39.786541
4.060980 1.244033 39.544464
38.927837 -18.142723 22.464054
-1.273376 29.823088 20.271397
33.419949 13.754138 -38.398788
46.625828 -8.393354 15.647575
-13.605386 -22.814911 -6.746023
14.333809 -14.494908 -35.624382
6.006261 -7.270793 -32.537956
18.533331 -16.147730 34.798508
-4.933238 -22.188190 -17.564541
9.505408 29.071911 -12.548468
-28.263489 -27.074917 39.043152
-18.157156 -10.684052 54.195675
27.426802 -29.557596 0.941260
13.544721 -10.047707 37.713200
24.535742 -3.470193 -39.934231
-22.924826 -15.981077 22.930691
18.837646 -32.670971 9.787370
43.012169 -16.385082 17.903397
-17.590939 21.989220 48.381577
46.605988 10.505143 -12.632064
47.428280 13.283105 -28.581038
-6.277931 5.522613 53.636581
-9.530980 -26.359077 22.953947
-9.356430 12.931269 47.641209
-28.280582 3.153583 18.920485
14.695172 -23.056997 32.320442
5.264363 12.041727 -31.216053
-25.553928 -3.185049 -3.675435
-13.492558 20.968533 30.448664
11.022193 12.482150 -34.506882
41.642952 -21.148827 -10.220281
-22.079002 -14.026672 20.690079
-10.480145 -32.256878 -16.079435
-47.379620 1.076305 39.652477
10.091661 30.052416 -8.223659
-3.470465 7.370131 53.645290
43.135765 -19.551216 -10.203693
-9.119730 -8.781815 48.863544
