24.621002 35.491371 40.298851
5.570332 -55.475830 19.291748
-12.620659 -54.877831 -20.865250
52.742241 9.862062 1.374756
5.346042 -29.622328 16.550751
10.504322 -42.542831 -27.892242
2.293442 -10.932928 -24.491257
-23.435558 -23.367628 38.205650
-44.180660 43.752071 -1.116257
38.662941 16.004622 28.312752
-6.453157 -0.317429 -16.404251
44.830444 3.158772 -9.676254
42.064342 -7.157728 16.351753
-17.604458 14.285201 48.335350
11.438782 14.696371 -15.021255
-19.585560 6.099272 -59.016251
-11.162859 -14.882627 -50.008255
23.287832 29.049770 25.882751
10.579071 -16.950930 3.767746
-28.506557 -27.292330 -33.661255
16.036364 45.371773 37.295753
-8.135159 56.024773 -15.395248
43.621841 -2.684729 36.510750
39.597443 39.279072 8.352753
49.689640 -4.703129 34.330750
25.243980 4.504472 -5.203247
-25.765457 9.812222 46.453949
17.456751 39.926971 33.582748
-26.076958 -18.608030 -27.157257
-17.243160 -31.964727 29.745750
-32.256859 3.096472 -44.862244
-0.310558 25.448971 9.411743
-14.900759 19.269032 -35.804245
-43.694759 -29.821630 16.650749
53.439941 -20.800928 3.817749
-6.777058 13.512712 -48.139252
41.067642 -14.346830 8.937744
-6.365959 14.933102 -50.955246
-31.584057 -6.248129 8.252747
-4.060858 -5.064529 43.675453
23.686531 -25.423429 -3.521255
2.355742 -53.033829 28.262749
-34.337658 44.175671 4.963745
8.112082 31.902971 37.856750
29.953743 9.986651 5.823746
-7.462358 5.949771 -22.298248
-14.065958 33.148972 -41.112244
8.996712 -15.131830 -2.774246
-18.364460 21.972752 -20.989243
41.653244 -21.012728 -27.120255
33.616844 -35.914330 6.520752
-29.141960 -36.238327 -20.541245
27.312241 -13.250429 -2.126251
49.340740 -24.277128 -26.683243
28.047340 -47.962730 -27.095245
19.026661 1.738472 -46.855255
-35.496357 34.133270 -21.488251
7.514021 12.353971 49.917648
-19.822258 -34.543831 -42.881256
-36.505558 -32.500427 1.362747
17.481672 32.924671 38.691650
4.760442 -45.969231 -3.509247
9.071472 -40.362427 14.046753
21.418892 -12.764528 51.375450
-31.359756 28.962570 -46.158249
-13.567558 33.398170 3.542755
13.743801 -13.038630 -54.668243
-47.146057 13.076622 36.174751
-56.814655 -2.186329 2.147751
-38.362057 39.839771 5.960754
11.775191 -36.774025 -23.618256
40.656441 -21.710428 -19.868256
22.988802 -36.425232 -28.141251
35.062141 16.241352 -22.397247
-20.009159 -35.029732 -43.018250
-5.468859 38.643669 -16.354248
-20.382957 -23.816130 3.268753
-11.748459 12.839891 50.926849
52.555340 -15.144327 4.178757
-30.886360 -19.069029 -14.697250
38.476044 38.693474 20.525749
32.607544 49.309071 -3.820251
18.241701 -5.537930 -55.066254
33.741440 44.773773 13.186752
2.642342 -30.021029 -36.963257
-7.474859 -40.524429 -35.953247
14.802868 -55.326332 6.583755
18.565651 4.965471 15.379753
-21.952858 -25.473230 1.711746
5.333642 37.920971 -34.994247
10.666292 -52.348534 -24.378250
4.997242 -17.486628 -56.462250
-13.866558 -8.877129 -35.380249
17.070511 -21.860029 4.041748
50.549343 17.724041 -5.278244
-5.169758 13.861582 56.234650
17.107882 30.420372 -0.008255
-7.387659 -27.641230 -1.328247
-0.285659 20.029062 5.947754
15.575360 -33.272926 15.628754
33.666641 20.876312 4.140747
-4.646458 35.204773 27.203751
28.234241 -23.492228 1.449753
54.511440 -5.899328 7.829758
-47.831360 -18.508329 -18.473251
-38.623760 7.781271 40.647751
-28.867859 47.963371 -24.017242
21.717922 55.389275 -10.075256
10.616451 1.401972 0.178757
-14.938059 1.364672 -13.339249
-10.477558 4.741172 -50.083252
32.109241 -17.798128 -26.148254
-33.739559 14.883262 -41.174255
5.794601 -32.475525 -6.487244
61.339340 -1.650528 3.468750
0.474341 -28.152029 -44.413254
-59.954456 -12.390728 1.686752
32.657440 35.802872 0.054749
-20.532459 30.283272 48.023849
-16.508059 -16.888628 -16.604248
50.511940 -0.329828 -28.602249
24.209831 -1.526028 23.440750
22.154011 -11.393929 -25.014252
-23.236156 35.753071 -4.829254
40.369843 42.767769 -4.219254
10.417102 26.707382 -27.182251
-47.370358 9.301381 0.652756
-12.408859 -29.547529 15.292747
-11.474358 28.314671 21.621750
25.219063 1.377071 24.786751
-13.467859 39.690269 -2.450256
-3.736958 -24.862730 -49.597244
37.578941 35.204773 -19.719254
3.203042 -31.964727 27.664749
41.503742 0.492472 -11.570251
-6.378359 -8.852228 -38.134247
-15.262058 13.886501 30.169746
-11.113058 24.664021 -0.232254
6.816292 8.665941 -10.249252
-40.069057 42.107372 14.594749
52.119240 -9.848928 27.839752
-50.236057 -12.278629 20.276749
-26.575359 10.622091 45.095848
26.726643 -45.308830 2.907745
-27.920959 -49.258530 15.890747
2.891541 40.425369 -44.127243
-30.313160 -11.643129 48.783852
40.930542 -22.869230 17.921753
1.421342 1.701071 50.004852
38.974442 2.523372 1.524750
23.026182 -33.808731 17.834747
-35.097660 -45.645332 -15.271255
-33.453060 5.052671 -49.460251
-14.028559 36.288773 -44.937256
52.854343 14.160611 -6.200256
9.731821 -31.291830 35.900749
-8.384357 -17.212530 46.840149
13.095912 -4.503828 27.577751
-43.146557 -10.322428 8.962753
-37.963360 32.152172 5.324753
20.471972 20.888771 -9.851257
23.375042 -4.665829 -20.728256
20.820831 -31.790228 43.314049
-13.069159 50.231071 1.225754
-4.820959 24.751232 12.289749
22.889122 10.721771 2.060745
-18.825459 49.956970 -32.054245
-51.893162 18.695887 -1.254257
43.272942 14.733751 40.884453
6.006422 -3.133228 52.745949
-31.147957 29.772472 41.370453
40.120743 0.504971 -26.708252
-24.507057 -42.405830 32.586754
-38.461758 -38.555832 -17.924255
6.766452 -56.634628 13.909752
-1.855558 41.347374 -32.515244
29.168741 25.448971 9.411743
20.571642 42.319172 -14.087250
5.146742 33.896572 5.112747
-23.124058 -44.773132 -12.318253
-48.678562 -9.848928 12.501747
-19.024857 -29.983629 -1.640244
-26.101860 -27.217630 19.291748
23.362581 -5.974030 -9.801254
13.706422 25.224701 -44.426254
58.461143 -3.382429 -10.424255
9.918722 -4.939928 -10.037247
-38.150257 -7.867929 21.584747
-21.691158 0.056372 53.007652
2.692142 35.491371 41.956047
48.393841 -20.663828 -24.042252
5.221441 9.126942 -61.807251
-21.105556 -34.431732 -29.150253
42.674942 -36.163528 6.520752
-28.406857 -12.776928 14.806747
11.276812 -18.383730 -48.126251
-42.212059 0.392771 3.518753
-30.699459 -15.929228 36.261749
39.771843 0.716772 -24.005249
-46.797157 -31.989630 4.813751
31.560942 -4.628429 48.048752
1.533442 14.708832 -14.548248
23.150772 -30.506929 -20.965256
-22.401360 39.976772 -42.046249
6.666772 25.361752 3.642746
-18.115257 12.503481 -34.832245
24.409191 -34.693329 -6.711243
18.503361 34.569374 -10.224243
-18.177559 -27.641230 30.929749
47.970242 -10.023428 -17.351257
-8.957558 11.967722 32.262749
36.009041 -28.326529 13.448753
29.903843 31.392172 -41.847244
29.791740 -35.615326 30.081749
-13.181259 0.828871 6.645752
-10.041458 -6.945929 -29.636246
-42.610760 22.396381 3.156754
16.447529 -35.901932 28.873749
17.618732 -40.275230 2.097748
46.923641 5.725471 -29.499252
23.175692 -27.541529 -3.509247
19.288311 -1.775129 21.634750
7.763212 39.179371 -18.572250
3.315142 12.653002 19.977753
-31.098160 20.365471 3.243744
-42.498657 -19.517630 -8.144257
-27.896057 -11.207029 -2.724243
-14.352459 -0.566629 5.611755
55.906940 24.963041 -3.820251
-23.709660 44.375069 24.998749
14.366781 5.887471 56.857651
-9.630358 13.076622 15.616753
-10.166058 43.515373 -27.007248
56.629642 17.101061 15.092751
-12.558359 50.741875 20.039749
26.539742 -39.864029 -26.235245
30.938042 -47.015831 14.881752
9.183601 21.275011 18.319748
19.786692 -17.175230 47.064453
10.878101 -23.604330 1.188751
-35.072758 -20.078230 -11.059250
3.078442 44.287872 -21.563248
23.113392 7.768871 0.178757
-31.172958 -8.490829 -23.706253
19.612263 -41.284431 0.340744
41.341743 -39.128929 -6.599243
-32.306759 -3.257828 37.844749
18.465982 50.181171 26.480751
-53.637455 -9.799129 7.779755
6.641851 -18.670328 -21.949249
39.522644 11.693611 31.178749
33.915840 10.970962 30.418747
5.047042 -54.180130 27.776749
-3.599859 -20.589128 34.031754
-41.626457 14.484551 -29.400253
-0.024058 -54.504028 -1.553253
-29.889557 -4.491329 -53.571243
8.348812 19.331322 16.687752
-24.918259 -27.180227 7.903748
-7.350258 -27.329729 -32.029251
17.444292 21.922911 -24.117249
-36.792160 41.833271 6.533752
-31.546658 44.100971 25.297752
32.919041 -47.613930 -16.604248
-31.160458 -36.836327 28.574753
-45.090260 -3.295229 -12.492249
-5.643259 -24.003027 45.494553
18.989281 -10.546728 -5.054245
50.723743 19.443462 -23.942245
14.989760 13.973711 37.345749
-6.403259 -43.265526 -1.528244
-25.989758 25.187321 -3.783249
22.540253 -4.952328 -35.243256
-29.727558 -46.691933 -27.020248
-24.120758 -36.250732 10.595749
52.517941 -13.499628 -27.344254
22.988802 -6.435028 21.135750
1.969542 -31.603327 40.224152
-19.809757 -45.246529 9.697754
-28.718357 -7.830528 35.053749
0.586541 37.198372 19.005753
36.794041 20.826471 19.042747
17.780701 -42.729729 28.586754
-26.238960 -6.435028 33.333748
-13.604958 58.167770 -0.930252
-32.879860 -48.373932 -16.379257
19.549961 -19.280828 53.767647
-17.430058 -20.240229 46.416550
19.674551 32.650574 -41.199249
-7.923359 -28.139627 -15.682251
-16.732258 10.846361 35.925751
5.258842 54.803673 -25.712250
-9.368658 11.419501 -56.051254
12.983771 5.177272 -12.617249
-13.206259 45.795471 -14.448257
-20.507557 -25.174227 19.030746
27.362141 34.432274 -24.154251
24.957413 -13.387529 -38.682251
-9.667759 31.417072 33.769753
44.369442 -30.270227 17.273750
16.136040 -20.090727 -35.019257
4.984741 -25.722429 29.820747
-32.967060 3.345672 -27.992249
17.980051 6.223871 -45.173248
25.069542 11.569021 -3.608246
50.312641 -5.101830 -1.079254
-10.365458 -23.330229 -21.301254
9.981022 43.191372 -30.870255
48.020042 -18.757528 -22.671249
-17.093559 -3.083429 8.713745
14.055292 -15.829527 -59.377243
31.075043 6.796971 29.359749
7.277291 -40.549332 2.384750
39.971142 33.447971 -34.284256
-32.443760 18.409317 -36.888245
-37.016457 -23.691530 -35.455246
26.327942 3.432971 -26.708252
25.642643 28.165152 25.247749
-13.218658 -27.616327 0.851746
-15.934858 36.612770 43.800049
-33.291058 40.848972 3.505753
-8.060459 7.058671 24.101753
-29.727558 -29.672129 43.700348
-46.610260 33.834270 -1.652252
-3.313358 -11.057529 42.117950
-13.903959 -37.571526 -8.779251
-23.609959 -37.409531 -35.144257
38.289139 -9.163729 21.858749
-22.488560 -14.770529 -47.591248
-41.128059 -22.096727 -21.027252
-24.681458 -37.945229 -8.455246
-43.046860 35.017872 6.981750
-12.657959 -29.173727 36.124748
-14.103359 59.986870 3.206757
-14.838459 -18.981829 18.930748
-38.710957 -26.893629 36.174751
14.802868 -6.659328 15.790749
21.082481 -4.678228 12.800751
42.388344 -18.670328 3.405746
-0.472558 -22.171427 48.447449
6.454962 -13.860929 -34.296249
-29.914459 52.124870 0.477753
0.985242 31.466972 43.413750
22.615011 -30.045927 -42.283249
10.018392 -6.783928 -56.699249
-23.896557 -43.103531 21.023750
-15.187258 3.059172 0.490753
39.908844 21.000902 -11.333252
1.545941 7.170772 -22.186249
24.745602 15.107532 -41.934250
-51.070858 -11.157228 24.300751
33.828644 43.652370 -2.848251
-31.285057 44.075974 -31.692245
14.316941 20.328091 -34.433243
35.610344 3.432971 0.477753
-15.511259 25.673241 36.299751
-25.790359 3.632272 -1.067245
17.581352 -21.286829 32.511749
2.804341 13.437952 -5.726257
34.663441 -35.303825 30.754753
18.328922 16.390871 -28.789246
12.173902 -48.037529 -28.901245
18.690252 -12.291029 36.336754
-5.331758 -3.370029 48.310349
4.062741 30.308170 43.177048
-24.457157 33.946373 -36.626251
52.268742 -26.308027 -7.035248
23.674072 32.712872 5.810745
-24.332657 -18.171930 -26.073257
10.317421 16.602682 23.241753
14.404161 46.468269 -14.336243
-9.592958 -1.862429 -56.537247
-47.395260 -0.167929 28.038750
15.463224 -45.159332 -34.932251
11.974552 21.723560 46.852654
-24.208057 25.286991 41.121246
-10.278259 -23.367628 -20.840256
28.608042 -49.644829 -1.926254
35.635242 43.639969 14.058746
-42.822559 -3.943129 30.505753
-14.614159 -11.892328 23.465752
28.097240 -2.310928 24.113747
10.429562 17.935854 24.549751
28.284142 -46.181030 -29.910248
16.509832 -17.013227 20.649750
23.848511 49.832371 19.104752
-10.390358 16.353491 -41.922256
-47.308060 -36.263229 -7.832245
-4.658958 8.105271 7.592743
28.981842 21.025822 14.307747
-17.205757 33.099171 -34.869247
1.234442 15.979701 -38.458252
43.497242 20.053982 -17.837250
-17.990658 -39.166328 40.024750
-40.829060 -5.376028 43.949547
-23.298458 -30.693830 26.094749
-23.036858 36.687469 34.305748
34.177444 9.463351 45.170547
-8.023058 9.824681 -45.933243
-4.671459 9.886981 -4.705246
-21.753460 11.083092 -55.752243
-6.702358 37.385269 40.174248
48.144642 -13.512028 -3.247253
-41.003460 9.351221 2.359756
-14.315159 43.153969 27.278748
33.791241 41.696274 6.072754
4.187342 -15.742327 -14.261246
-13.667259 36.002171 -14.348251
-3.425459 26.146702 30.791748
-37.178459 35.715672 20.338753
-17.405060 -21.037630 -18.199249
-30.437759 11.394581 50.278954
41.354141 -17.872927 28.997749
-20.495060 -37.633827 -6.786255
-21.005959 -7.793129 -12.828247
-17.243160 -13.262928 27.702751
-27.659359 -0.603930 -9.140244
21.244461 -21.698030 42.728447
-19.548157 8.092772 31.701752
48.829941 -13.611729 29.994751
16.783941 34.307671 33.695747
-2.615559 -10.434528 -4.269257
-35.957359 -21.997030 11.292747
-26.998959 15.331801 51.201050
-45.314560 11.955261 -34.795242
26.751541 -5.724829 37.445747
-49.750156 27.143471 8.763748
-33.241158 -22.358328 0.091751
55.433540 -7.681028 -7.957245
0.150441 -36.898628 20.151749
28.907042 -43.876030 -34.334244
-42.673058 -1.040030 -23.905243
12.871632 10.746691 19.391747
33.529541 9.961731 -0.543243
39.111443 27.317902 25.235748
51.571041 10.161092 19.030746
17.681023 -18.695230 43.887253
1.446241 -45.283928 -20.130249
-4.359959 29.136971 6.769745
-46.012257 5.825171 18.120750
-0.572258 -23.704027 -34.894257
-18.825459 20.004141 -44.251251
41.142342 12.079861 -39.579254
-18.451660 7.594372 37.482750
52.069443 -8.528229 17.422752
-2.191957 6.996371 39.401749
26.365341 -2.061729 -5.203247
26.788940 3.769371 -3.085251
0.698642 -50.641533 -7.184250
21.094942 2.024971 -12.517242
-39.595558 28.327171 -10.910248
-34.001259 -8.204329 -39.953247
-18.140259 -23.504629 37.146751
42.338539 38.730873 2.670746
38.114742 9.164321 -28.914246
13.656591 33.560173 -25.886246
-52.703060 7.482271 -15.893250
35.946739 35.030373 -7.944244
14.105131 -49.121529 -12.716248
49.427940 -5.724829 -20.055252
-12.072359 -27.491728 9.224747
-22.887257 -44.424225 21.771751
-5.954758 2.373872 -31.206253
28.882141 -31.304327 29.147751
16.945911 -25.423429 2.346756
-18.065460 24.938131 5.461746
-26.849457 32.862373 -28.042252
-13.343258 29.585571 50.976753
-13.966259 21.574041 6.931747
41.291939 11.593941 4.514755
40.818443 20.863852 -14.648254
53.950840 -13.300228 -29.798248
22.054333 59.002571 -6.300247
41.030243 -32.562729 29.894753
-17.654259 10.908661 -8.156250
5.906742 0.143572 -38.271255
16.335394 18.733265 32.935753
-14.140657 -0.903028 19.266747
23.811131 17.574526 -40.389252
-7.337759 16.004622 -13.327255
-12.271759 -30.357428 -9.115250
-30.761757 39.403671 -36.003250
6.604471 -15.181627 36.162750
-43.595058 -20.850729 -25.375244
-23.423058 40.886372 -41.560257
43.110939 5.725471 36.411751
-30.475159 37.435074 22.394753
19.562422 17.973232 38.641747
-28.531460 31.317471 7.068756
-52.565960 15.319342 6.944748
9.968561 -3.594229 55.487053
-30.300758 32.413872 35.676750
26.141041 1.102972 -40.601257
5.346042 28.302172 29.222748
-22.177158 -7.992529 16.027748
-10.490059 -25.560427 41.320549
-10.988459 -44.972427 -25.599243
-11.324858 -5.600229 -17.426254
32.196442 16.964012 1.985748
-22.127258 48.249969 14.121750
36.943542 12.067402 32.287750
-47.818859 -5.214029 20.525749
-32.543457 -36.063927 -25.500244
-3.226158 -49.121529 -27.269257
-34.088459 -32.375832 -17.937256
16.360313 32.501072 9.598755
-48.479259 13.275982 25.048752
-9.854559 42.269371 5.137756
-17.255558 -33.235527 44.360748
-19.635357 26.532951 -47.055252
-45.912560 -10.035830 -40.152252
10.280052 17.412552 -10.910248
10.442022 -0.529228 -53.247253
32.844341 12.478561 -22.559250
-16.395859 -47.377129 -13.838257
6.841211 -3.095928 -30.920242
-9.842159 -6.634428 57.218948
-9.817259 -57.120529 6.059753
-31.858158 14.696371 -39.517242
-24.669060 -37.907928 -23.893250
-14.364958 -16.676828 -9.514252
-34.536957 32.264370 19.129753
-38.997559 -11.194628 -18.323257
-43.458057 -22.271128 -36.477249
-10.826458 -16.028929 18.494751
-14.639059 6.709771 52.808250
-42.050060 12.976952 11.853752
-17.891060 42.655670 -36.439255
0.349742 -43.340225 -13.252243
-32.979557 -39.253532 6.433746
7.900271 -2.086628 50.540649
-34.636658 -0.641329 -51.191254
36.270641 18.845402 23.391747
-31.247658 -39.876526 -25.849243
-25.890057 22.010132 -7.583252
24.409191 -32.101730 -7.770248
-1.469358 -3.544428 14.582748
23.063551 -20.651430 -40.140244
-26.899258 21.711102 -31.331253
31.112442 27.155931 43.712852
43.472343 0.367872 -0.431244
-39.620457 3.545072 -0.917252
-18.451660 33.834270 20.811752
40.108242 0.006571 -23.494247
3.838442 6.921572 38.056152
32.794441 34.544472 -26.696243
-11.486759 -25.049627 -36.153244
27.424442 10.285681 49.481552
1.981941 42.954674 43.376350
37.554039 -48.486031 8.738754
-13.604958 -28.563231 31.813751
-24.855957 -5.189129 -57.471252
31.698042 44.860970 -20.915253
13.644132 -36.225830 5.524750
2.094142 5.239572 -1.303253
14.254652 -24.202429 41.146149
11.874872 3.246072 48.846153
-26.213959 3.071571 -52.201248
31.847542 -5.687429 4.215744
35.111942 -7.307228 45.170547
-20.395359 56.323769 -12.579254
-16.582760 33.360771 16.039749
-23.497860 28.389471 -15.844254
-1.182758 -42.194031 -36.738251
-36.119358 -17.000731 -28.988251
-1.980158 -5.064529 -28.278244
-9.568058 -13.026129 29.633751
22.727152 25.847672 36.361748
-4.708759 7.071072 32.959747
-58.372158 -0.342329 -1.640244
-10.091358 -33.497231 -49.372253
-25.042759 -8.079729 -4.767242
-35.932457 6.036971 6.321747
47.085541 -27.778227 -27.693253
22.403202 -16.402727 40.984154
-51.133160 -13.237928 -22.335251
10.790892 -7.818029 53.842453
46.674442 -21.025229 24.524750
11.837492 -35.216629 -44.526245
-53.973858 -9.612228 23.116753
15.899308 5.825171 -27.319244
-35.695759 -10.148029 -38.931244
13.793642 38.755772 9.199753
-34.163158 14.771122 42.005852
27.823143 -5.176628 31.900749
-6.677458 -56.397934 12.837753
-33.091660 30.308170 19.379753
-1.083059 42.680573 -31.767242
23.537022 13.475331 12.738747
-35.695759 0.455070 -26.148254
11.550921 38.319672 -19.930252
49.029243 -16.614527 -20.628250
-32.605759 22.869843 -30.945251
16.933453 -41.782829 11.305748
-33.016960 3.096472 -15.993256
-52.042660 28.937672 0.614746
16.210798 7.818671 1.973755
59.831741 -6.210728 1.524750
33.355141 10.223381 21.983749
-16.383459 -6.709129 -37.910248
-29.254158 37.920971 -30.172256
1.882341 -12.154028 -29.948257
-21.666260 55.326973 -3.571243
4.972241 25.324371 -46.893250
30.614040 -6.559629 -27.954254
-23.248657 -19.716928 -53.023254
-35.321957 -21.822630 -45.796249
22.029411 -3.855928 -41.797256
20.048342 -41.010330 -40.215256
30.165543 27.492340 -7.159256
20.309992 20.340551 -10.723251
3.153142 5.538571 -37.772247
24.920033 -47.327332 -21.563248
-0.534859 34.257874 -0.967255
22.814362 -24.538828 -45.933243
27.686043 -16.701727 -51.029251
24.907572 -28.027430 3.991745
-60.677158 1.551571 0.938751
4.448941 -27.142828 -14.486252
31.934742 -46.044029 21.484749
28.471043 14.970482 -52.687256
-33.540257 -25.273928 -15.619247
-48.853062 25.810291 17.410751
18.702711 -18.782427 -44.015244
-34.175659 -39.789330 -28.951248
36.582142 8.229852 -13.389252
-31.309959 49.296570 15.229752
-11.773359 23.991201 14.806747
-52.864956 -17.773230 -17.924255
18.154491 5.974671 15.342751
-0.946058 33.335873 -8.293243
33.654144 -38.593132 16.089752
-4.933058 -1.488628 23.714752
-11.910458 24.987961 41.694351
-17.915958 -25.747328 -52.238251
18.042351 4.479571 13.224747
51.371643 8.802991 -25.774246
5.134242 17.474850 -27.394257
5.321141 -27.429430 40.186752
38.762642 -12.291029 -34.919250
3.614141 12.765131 -21.214249
16.397692 -7.419329 25.010750
59.034340 15.032771 -8.542252
-27.783958 36.251373 25.085747
8.386192 -21.486227 13.822754
-7.375158 -25.373629 46.740448
-43.408157 18.421776 10.470749
20.347372 14.409801 -37.486252
25.879440 -14.645929 -53.721252
27.972641 -27.840528 26.767754
-40.916260 44.312771 2.359756
43.709042 -11.244429 33.420753
20.783451 -46.517433 -17.501251
35.049644 8.055471 47.637550
15.662578 -25.099428 -12.629257
15.002220 -15.057028 30.704750
18.254162 -32.998825 47.301147
11.089922 53.009468 13.149750
20.908051 -34.718231 28.237747
-22.451260 38.992470 -38.919250
-35.857658 -8.391228 -2.400253
-30.387959 22.695400 -1.303253
-39.147057 -7.531528 -34.471252
-28.020657 40.761772 -1.478256
15.886849 36.214073 -16.031250
-34.250458 41.235271 6.595749
27.997541 -3.394928 -54.057251
-31.334858 7.033772 30.256752
-33.266159 39.004971 3.480743
14.254652 25.947351 -29.661255
-7.661758 -7.917728 42.030746
-21.815758 19.368702 -25.176254
35.062141 -12.540228 -38.682251
23.512100 41.347374 15.005753
50.748741 -29.310827 -19.656250
-22.102360 16.976471 -31.381256
1.097342 18.546371 -9.041245
25.966640 -21.000227 48.459846
-20.071457 -0.417130 -24.354248
-30.574860 13.089081 -32.751251
38.538342 -1.413828 -12.691254
54.573742 -6.248129 29.321747
-28.307259 -12.266129 -16.691254
-36.144257 5.638271 47.027054
18.366302 -31.453829 42.180252
-39.657860 -35.428429 -21.214249
-0.460058 -49.918930 8.028748
30.339943 4.716271 22.780746
-10.178558 21.611422 -10.847244
-24.070957 10.048951 49.618652
-46.049660 -31.590929 -3.421249
-12.720259 32.974571 40.822151
30.601542 9.700082 7.941757
12.659822 56.323769 3.916748
-46.847057 -24.775530 21.870750
-13.505259 55.551270 2.197754
-36.480659 38.045570 6.234756
21.281841 -32.288628 -9.689255
-8.982458 56.373573 14.021751
-15.511259 43.627472 35.676750
48.854843 35.316971 7.804749
-9.991659 -15.194128 44.398048
-37.066257 9.862062 -25.986252
32.732140 -34.008026 -22.173248
50.399841 -10.409628 -7.546249
48.805042 -1.413828 36.000748
1.782641 44.611771 -28.814255
-23.585060 -9.487629 20.076752
55.209240 -23.691530 -7.595245
19.026661 6.884272 -59.764252
-21.641357 14.783582 -54.805252
39.074142 0.529871 5.386749
-37.651859 3.071571 -13.850250
-27.148457 -24.326929 -15.295242
33.566940 4.317572 45.905647
-25.939857 -51.675728 -19.482254
37.927841 13.774362 -38.620255
49.714542 -7.793129 26.057747
53.963242 26.607712 17.896751
-22.376457 -6.671728 -34.309250
-11.661259 33.124069 -3.895248
15.475684 43.365772 10.470749
26.465042 4.828371 -44.027252
-21.118057 -20.302530 -14.099243
3.826041 -33.646729 39.725754
4.835241 -49.034332 12.825752
18.877142 35.217270 -5.926254
-7.524658 -45.944328 -19.756256
1.458642 -3.394928 46.678146
-24.469658 37.036369 42.529152
10.591532 -45.308830 9.473755
-23.946358 -24.551229 12.351753
-30.699459 35.852669 22.070747
41.005341 -34.730728 -7.720245
-23.684757 16.166592 -28.590256
6.766452 -10.633928 43.426247
-35.994759 -25.249029 16.301750
-29.590557 -9.088928 48.497253
12.958852 -29.398027 -22.422256
10.865642 -36.998329 9.897751
17.170181 31.666271 20.637749
-46.149258 28.613670 11.242752
14.117592 15.007861 -36.240250
31.286842 44.051071 -15.707245
0.985242 30.557371 36.809753
13.070992 -7.818029 -7.022247
12.896551 36.488171 -24.914246
-23.161457 -23.953230 -31.667252
-47.382759 -19.430330 -16.654251
22.963882 16.365952 -51.540253
-44.579357 -1.040030 30.007751
28.682842 5.251971 46.404053
-3.512659 47.091270 6.533752
-45.277157 7.008771 -40.077255
-21.790859 -40.860832 -40.489243
26.315540 28.190071 28.748749
6.305451 46.929272 37.632751
-51.569256 -19.629728 21.733749
-3.450357 -20.551729 39.052948
2.393142 26.931662 42.853050
-35.122559 21.237640 18.145752
16.833771 -16.228228 27.490753
17.892841 -58.341530 -1.092255
16.958372 -25.971628 -20.616257
-26.787159 6.061872 30.866753
-54.173260 -8.939428 -10.237244
4.237142 7.021272 -41.585251
2.679742 -11.643129 18.855751
12.946392 45.097672 22.593750
3.726341 -23.766329 34.193748
35.311340 -17.274828 12.800751
8.124542 -54.803032 13.062752
-26.662560 39.677773 16.550751
23.225533 10.908661 -11.894257
17.406912 -48.423729 25.945747
54.735741 15.892481 20.388748
-32.842457 -0.442028 -7.172256
-30.848957 -6.260628 13.747749
-28.730858 -4.528728 45.806053
15.326169 2.124672 -52.687256
-31.160458 -29.061628 25.409752
-7.150858 -31.528627 50.216652
34.588642 -17.586329 -48.774246
-49.613056 -10.584129 13.959747
-8.932558 -42.069427 -41.722244
-24.170658 -10.658829 -23.444244
29.604841 -33.858528 -26.384247
-6.029558 -24.925028 -41.760254
-28.531460 35.366772 -10.935257
3.526941 -53.644333 -24.216248
-31.721157 -1.027628 -4.680252
-9.891958 -9.113829 0.814743
30.215342 -6.322929 -1.802246
34.825340 -39.776825 25.945747
4.324342 7.332771 50.677650
38.027443 -19.206129 11.130753
-5.830158 -31.653227 -16.479248
1.334042 -12.041828 -8.517242
-4.783558 17.773880 52.060753
8.647841 23.966282 -20.030243
10.167912 42.045071 11.629753
10.367262 -9.188629 -16.242249
-29.092159 -3.544428 -44.999252
17.980051 13.874042 -40.875244
18.590572 16.216431 -45.958252
16.659342 26.184082 -38.682251
-24.843460 43.602570 -37.934250
-48.840557 -4.055229 -34.919250
18.902061 28.389471 23.141747
-7.985659 -16.676828 -25.973251
-53.301060 -17.486628 14.046753
-10.826458 22.221941 45.843353
-13.318357 20.926151 -24.628250
-18.364460 18.720806 -19.582245
26.190941 8.080372 -49.921249
32.370842 30.021671 19.914749
7.214992 -14.944929 49.942551
-30.101357 9.675161 49.095352
-38.137760 -10.384729 23.627747
-25.989758 1.215172 14.893753
12.036841 -14.396730 -15.308243
20.521801 22.533432 -27.219254
-36.879360 21.773401 29.483749
36.669441 -12.515329 -20.840256
12.909012 19.941841 -40.700256
40.756142 -19.056627 -7.197250
24.384272 -36.288132 -3.583252
-16.296158 -38.007530 37.981453
26.415142 29.597971 -28.465256
0.910441 -50.566833 0.951752
10.055772 6.286171 -1.951248
20.957891 -13.213028 19.241753
-46.386059 -21.922327 -12.168243
20.571642 -24.476530 15.952751
-20.819057 23.704632 44.510254
-14.688959 24.751232 1.786743
48.717743 33.771973 -4.767242
54.648540 17.985693 -12.878250
-14.041058 -24.501429 -21.201248
-24.768658 -7.681028 -17.837250
34.115143 -0.753529 -0.269257
-16.819458 -15.505629 3.592743
0.125542 31.342371 44.510254
-59.119656 -9.051529 0.141754
18.777472 1.887972 5.075745
23.998022 3.931272 -3.259247
20.908051 -39.104027 1.985748
-20.457657 35.478874 -4.069244
2.542642 -25.772329 -27.967255
-31.297459 28.551373 -20.018250
34.239742 -16.203329 -6.187256
-37.365360 -6.148428 18.631752
5.807061 13.948792 -36.701248
41.391541 -28.326529 -24.790253
-20.220959 12.989411 -49.447250
0.810741 43.228771 -4.730255
44.356941 14.409801 40.672653
-32.418858 8.204942 -31.294250
18.839762 -0.765928 41.295647
25.954142 -9.350628 48.734047
40.195442 -2.784430 10.071747
5.520492 -55.849632 -4.418243
26.315540 -26.719229 19.939751
-3.649759 28.638573 11.654747
46.549843 23.480362 31.178749
-47.793957 -20.738630 -32.577255
-27.908459 11.556561 -20.379257
-49.152058 -14.720629 -33.885254
-20.980957 52.336670 -28.129257
-7.300358 15.593461 -38.694244
-43.246258 23.555111 15.666748
-13.492758 7.046171 -23.843246
-43.358356 -24.663427 17.024750
-12.371458 -30.668928 -17.663254
-28.244957 -42.493027 10.046753
14.939922 -17.810629 0.652756
47.297440 -28.463530 -7.969254
-42.162258 -24.750628 -22.485245
-41.726158 8.553802 -3.372253
31.872442 39.578072 -5.029251
-28.519058 -4.005428 5.710754
-24.893257 38.195072 32.000748
9.981022 28.102852 -46.544250
-56.715061 9.936811 -7.022247
-0.921059 -1.438728 -5.726257
2.281042 -39.814232 -29.038254
-20.233459 51.962868 10.171753
-3.213659 28.015640 -1.042252
48.431240 27.542171 -1.914246
-19.622860 27.990723 43.999352
-49.588161 36.650070 5.100754
36.706741 21.424532 8.539749
52.904243 17.886015 -26.459244
35.859543 16.440712 -46.295242
33.529541 27.380201 7.579758
-45.650959 -16.290529 0.664749
-23.884060 -25.448328 -37.374252
38.775040 -8.441029 -44.264252
-27.646858 3.507671 8.539749
-4.434658 -12.926428 27.041748
5.134242 29.710171 19.516747
-3.226158 2.510871 -27.020248
14.042831 -27.005827 16.513748
-20.657059 -18.919527 52.534149
-41.277657 -35.391029 -8.866257
30.813442 21.711102 39.812950
-48.641262 16.291191 16.700752
34.090240 -41.620827 -16.579254
-7.437458 16.689901 47.550346
10.554161 40.537472 21.883751
27.424442 16.316111 -38.732254
15.438305 30.657070 -47.553253
-28.905258 1.688572 51.574753
-40.866459 -23.616827 22.805748
13.930701 -22.956430 -16.703247
51.695641 5.139872 -4.082245
12.535232 13.624842 53.580750
7.763212 -16.863729 -25.188248
-21.691158 -29.672129 38.106049
47.982643 4.491971 30.916748
34.526344 20.427761 11.317749
-8.147659 9.077102 32.611748
5.881822 37.696671 -16.741257
-1.581459 19.480841 -22.584244
-11.474358 37.559669 -7.085251
32.171539 9.002352 21.634750
33.529541 23.517742 -21.862244
37.778343 14.958021 7.343750
0.349742 38.942673 34.143753
-5.132458 -5.463228 -45.036255
10.018392 -0.853128 54.128952
-29.216759 -19.903830 10.619751
21.705462 27.355282 -47.080246
-52.316761 -11.443829 27.976753
-6.502958 -10.459528 21.434753
25.792242 -30.656427 29.869751
-30.412857 -41.496231 8.028748
4.349341 31.603971 40.062149
21.144781 -1.949629 23.353752
28.209343 -36.387825 29.732750
-28.568859 1.401972 -5.888245
-12.084858 10.622091 44.273453
-5.618359 33.360771 8.850754
44.456642 -18.221830 -30.994247
-6.054459 45.446571 -34.944244
-25.142460 -42.181526 -24.291245
-13.580059 12.341511 -7.359253
-26.463158 -25.572927 11.006752
-25.291958 40.113869 -8.916245
-2.403759 8.703321 8.389755
0.985242 18.733265 -9.153244
29.604841 -2.535229 -39.168243
20.633942 50.280869 5.162750
21.194622 40.338173 -26.883255
34.003044 42.842472 1.624756
3.913241 3.258471 39.638550
-39.782459 -13.125828 9.012756
-15.399059 -45.857132 -20.105255
5.383442 -2.597528 -54.082245
16.198339 -47.314827 2.932755
49.091541 -27.317228 22.344749
-10.838858 -37.534126 43.937050
-12.844858 -38.481026 20.774750
9.333122 28.439270 -44.812256
18.814842 -5.974030 51.475151
21.319221 -28.588129 45.581749
3.664042 1.227571 36.049751
30.626541 -12.166430 15.740753
9.096392 -30.980429 -54.082245
-33.702160 -32.612625 -7.209244
19.051582 -41.620827 16.799751
-5.942259 21.374691 -33.150253
3.190541 19.082134 17.049751
-9.119459 -28.426130 31.639748
0.349742 -12.801929 38.542053
-23.186359 15.032771 22.082748
33.155842 13.114001 -36.115250
22.477962 -2.634928 7.966751
-10.303158 -20.015928 -3.459244
-24.257858 49.421173 13.298752
-40.804157 -23.940729 9.436752
19.300772 -11.668028 -24.316254
6.180852 -7.232430 -32.253250
-13.841658 -8.802328 -53.384247
16.136040 -7.842928 17.348747
-53.674862 -15.916727 -18.273254
-18.252357 31.778471 -10.922256
3.626641 -13.213028 44.024254
8.946872 48.935272 2.234756
2.916442 -18.196829 -12.467255
5.508032 15.867571 -7.907257
-27.995758 -43.552025 -4.966248
-33.378258 35.516273 -19.594254
17.705942 7.544571 -49.509247
-24.905758 -23.218027 36.785751
-14.352459 -47.850632 21.409752
27.922741 45.882671 -31.555252
36.308044 36.438271 -9.190247
-19.510757 -4.391729 50.191750
-4.908159 3.432971 -41.735245
-49.812458 31.591572 9.934753
-22.015160 23.156410 23.229752
-13.131458 3.794271 -17.775253
22.739613 -16.190928 1.001755
11.887332 -5.014629 20.587753
-11.748459 6.709771 -56.262253
-54.522160 -10.135529 19.765747
25.767242 -2.921429 -34.770248
33.105942 35.914970 -34.807251
-33.702160 -10.908030 -0.792252
-26.413357 -12.216328 32.312752
-53.811962 16.440712 2.708755
-25.067757 -39.864029 3.617752
14.827786 -12.029428 8.863754
48.867340 -23.006227 -0.219254
-18.227459 14.447182 -21.002243
16.235716 -38.418732 -21.151245
-25.827759 -6.298029 -5.153244
40.444641 -15.281328 16.588753
-20.382957 18.708347 48.858650
-33.241158 16.565302 -45.136246
-36.131859 15.605911 -20.952255
-14.414759 -31.217127 -43.217255
-17.467358 35.753071 4.365753
8.348812 -53.121033 14.220749
-57.848858 3.407971 15.092751
-23.148960 -42.941528 -32.253250
14.591055 6.398272 46.242050
-38.798157 2.099771 -43.491257
46.587242 10.360441 -12.691254
43.733940 12.030022 -27.755249
-38.063057 1.389572 -12.804245
-5.742958 5.090072 52.210251
-51.681362 -1.974529 25.421753
42.463142 4.055871 31.813751
-9.293959 -47.302429 -19.706253
0.337341 -31.777830 -38.757248
-8.496559 -21.922327 20.874748
35.024742 19.244112 33.121750
-1.319757 -32.002029 -48.562256
-15.112558 -52.597733 17.098747
-28.606258 11.319832 -33.723251
-16.009659 -54.142731 15.454750
-12.458658 7.731471 45.295151
12.348331 15.319342 -39.616257
51.321842 -12.714628 -4.219254
-22.052559 2.049871 25.384750
-7.051159 48.474274 -11.059250
28.147041 20.215952 -48.039246
4.374242 -3.208029 -50.743256
14.578596 -22.757029 32.199753
-8.920158 37.061272 -49.086243
-44.579357 -33.048630 15.541748
7.925191 11.195231 -27.232254
-22.015160 -3.183128 -1.764252
55.271542 -11.580828 4.502747
-14.838459 18.957537 32.150749
11.675522 12.241831 -33.262253
10.641372 36.363571 48.522148
17.805622 33.859169 -36.016251
47.085541 -19.368029 14.008751
31.324242 -10.546728 -8.144257
-12.732758 -4.204828 22.120750
-23.709660 -23.940729 -11.072250
-9.518158 -33.285431 -16.143250
-21.317360 34.793671 33.670753
-46.473259 3.071571 39.289650
8.946872 21.586502 -6.474243
-31.845757 24.950592 5.474747
-10.004158 -15.169230 -52.749252
-2.976959 4.741172 48.086151
-46.323757 -32.961426 -19.395248
34.327042 -12.490429 -8.605255
-13.193758 -4.478930 44.036751
39.074142 1.601372 45.021049
-8.521458 43.390770 14.233749
-8.521458 43.390770 14.233749
