5.346042 -29.622328 16.550751
2.293442 -10.932928 -24.491257
-23.435558 -23.367628 38.205650
-6.453157 -0.317429 -16.404251
44.830444 3.158772 -9.676254
42.064342 -7.157728 16.351753
-17.604458 14.285201 48.335350
11.438782 14.696371 -15.021255
10.579071 -16.950930 3.767746
25.243980 4.504472 -5.203247
-25.765457 9.812222 46.453949
-0.310558 25.448971 9.411743
41.067642 -14.346830 8.937744
-4.060858 -5.064529 43.675453
23.686531 -25.423429 -3.521255
29.953743 9.986651 5.823746
8.996712 -15.131830 -2.774246
41.653244 -21.012728 -27.120255
27.312241 -13.250429 -2.126251
-47.146057 13.076622 36.174751
35.062141 16.241352 -22.397247
-11.748459 12.839891 50.926849
18.565651 4.965471 15.379753
17.070511 -21.860029 4.041748
17.107882 30.420372 -0.008255
-7.387659 -27.641230 -1.328247
-0.285659 20.029062 5.947754
33.666641 20.876312 4.140747
28.234241 -23.492228 1.449753
-38.623760 7.781271 40.647751
10.616451 1.401972 0.178757
-14.938059 1.364672 -13.339249
32.109241 -17.798128 -26.148254
24.209831 -1.526028 23.440750
22.154011 -11.393929 -25.014252
25.219063 1.377071 24.786751
41.503742 0.492472 -11.570251
-15.262058 13.886501 30.169746
-11.113058 24.664021 -0.232254
6.816292 8.665941 -10.249252
-26.575359 10.622091 45.095848
-30.313160 -11.643129 48.783852
1.421342 1.701071 50.004852
38.974442 2.523372 1.524750
-8.384357 -17.212530 46.840149
13.095912 -4.503828 27.577751
20.471972 20.888771 -9.851257
23.375042 -4.665829 -20.728256
-4.820959 24.751232 12.289749
22.889122 10.721771 2.060745
6.006422 -3.133228 52.745949
40.120743 0.504971 -26.708252
29.168741 25.448971 9.411743
23.362581 -5.974030 -9.801254
9.918722 -4.939928 -10.037247
-38.150257 -7.867929 21.584747
-21.691158 0.056372 53.007652
-30.699459 -15.929228 36.261749
39.771843 0.716772 -24.005249
1.533442 14.708832 -14.548248
6.666772 25.361752 3.642746
-8.957558 11.967722 32.262749
-13.181259 0.828871 6.645752
46.923641 5.725471 -29.499252
23.175692 -27.541529 -3.509247
19.288311 -1.775129 21.634750
3.315142 12.653002 19.977753
-14.352459 -0.566629 5.611755
-9.630358 13.076622 15.616753
9.183601 21.275011 18.319748
10.878101 -23.604330 1.188751
23.113392 7.768871 0.178757
-32.306759 -3.257828 37.844749
6.641851 -18.670328 -21.949249
33.915840 10.970962 30.418747
8.348812 19.331322 16.687752
17.444292 21.922911 -24.117249
18.989281 -10.546728 -5.054245
22.540253 -4.952328 -35.243256
22.988802 -6.435028 21.135750
-28.718357 -7.830528 35.053749
36.794041 20.826471 19.042747
-26.238960 -6.435028 33.333748
-17.430058 -20.240229 46.416550
-7.923359 -28.139627 -15.682251
-16.732258 10.846361 35.925751
12.983771 5.177272 -12.617249
4.984741 -25.722429 29.820747
25.069542 11.569021 -3.608246
-17.093559 -3.083429 8.713745
31.075043 6.796971 29.359749
26.327942 3.432971 -26.708252
-8.060459 7.058671 24.101753
-3.313358 -11.057529 42.117950
38.289139 -9.163729 21.858749
-14.838459 -18.981829 18.930748
-38.710957 -26.893629 36.174751
14.802868 -6.659328 15.790749
21.082481 -4.678228 12.800751
42.388344 -18.670328 3.405746
-15.187258 3.059172 0.490753
39.908844 21.000902 -11.333252
1.545941 7.170772 -22.186249
-51.070858 -11.157228 24.300751
35.610344 3.432971 0.477753
-15.511259 25.673241 36.299751
-25.790359 3.632272 -1.067245
17.581352 -21.286829 32.511749
2.804341 13.437952 -5.726257
18.328922 16.390871 -28.789246
18.690252 -12.291029 36.336754
-5.331758 -3.370029 48.310349
10.317421 16.602682 23.241753
-24.208057 25.286991 41.121246
-42.822559 -3.943129 30.505753
-14.614159 -11.892328 23.465752
28.097240 -2.310928 24.113747
10.429562 17.935854 24.549751
16.509832 -17.013227 20.649750
-4.658958 8.105271 7.592743
28.981842 21.025822 14.307747
-40.829060 -5.376028 43.949547
-4.671459 9.886981 -4.705246
4.187342 -15.742327 -14.261246
-30.437759 11.394581 50.278954
-17.243160 -13.262928 27.702751
-19.548157 8.092772 31.701752
-2.615559 -10.434528 -4.269257
-26.998959 15.331801 51.201050
12.871632 10.746691 19.391747
33.529541 9.961731 -0.543243
-4.359959 29.136971 6.769745
-18.451660 7.594372 37.482750
-2.191957 6.996371 39.401749
26.365341 -2.061729 -5.203247
26.788940 3.769371 -3.085251
21.094942 2.024971 -12.517242
-18.140259 -23.504629 37.146751
38.114742 9.164321 -28.914246
-12.072359 -27.491728 9.224747
16.945911 -25.423429 2.346756
-13.966259 21.574041 6.931747
41.291939 11.593941 4.514755
40.818443 20.863852 -14.648254
-17.654259 10.908661 -8.156250
16.335394 18.733265 32.935753
-14.140657 -0.903028 19.266747
-7.337759 16.004622 -13.327255
6.604471 -15.181627 36.162750
-22.177158 -7.992529 16.027748
-10.490059 -25.560427 41.320549
-11.324858 -5.600229 -17.426254
32.196442 16.964012 1.985748
16.360313 32.501072 9.598755
10.280052 17.412552 -10.910248
32.844341 12.478561 -22.559250
6.841211 -3.095928 -30.920242
-9.842159 -6.634428 57.218948
-14.364958 -16.676828 -9.514252
-10.826458 -16.028929 18.494751
-14.639059 6.709771 52.808250
36.270641 18.845402 23.391747
-1.469358 -3.544428 14.582748
43.472343 0.367872 -0.431244
40.108242 0.006571 -23.494247
3.838442 6.921572 38.056152
2.094142 5.239572 -1.303253
31.847542 -5.687429 4.215744
-9.568058 -13.026129 29.633751
-4.708759 7.071072 32.959747
15.899308 5.825171 -27.319244
-34.163158 14.771122 42.005852
27.823143 -5.176628 31.900749
23.537022 13.475331 12.738747
16.210798 7.818671 1.973755
33.355141 10.223381 21.983749
30.614040 -6.559629 -27.954254
30.165543 27.492340 -7.159256
20.309992 20.340551 -10.723251
24.907572 -28.027430 3.991745
4.448941 -27.142828 -14.486252
36.582142 8.229852 -13.389252
-11.773359 23.991201 14.806747
18.154491 5.974671 15.342751
-0.946058 33.335873 -8.293243
-4.933058 -1.488628 23.714752
-11.910458 24.987961 41.694351
18.042351 4.479571 13.224747
5.134242 17.474850 -27.394257
38.762642 -12.291029 -34.919250
3.614141 12.765131 -21.214249
16.397692 -7.419329 25.010750
8.386192 -21.486227 13.822754
20.347372 14.409801 -37.486252
15.662578 -25.099428 -12.629257
15.002220 -15.057028 30.704750
-31.334858 7.033772 30.256752
-7.661758 -7.917728 42.030746
1.097342 18.546371 -9.041245
38.538342 -1.413828 -12.691254
-36.144257 5.638271 47.027054
30.339943 4.716271 22.780746
-10.178558 21.611422 -10.847244
-24.070957 10.048951 49.618652
30.601542 9.700082 7.941757
-9.991659 -15.194128 44.398048
-23.585060 -9.487629 20.076752
39.074142 0.529871 5.386749
1.458642 -3.394928 46.678146
-29.590557 -9.088928 48.497253
13.070992 -7.818029 -7.022247
-44.579357 -1.040030 30.007751
16.833771 -16.228228 27.490753
16.958372 -25.971628 -20.616257
-26.787159 6.061872 30.866753
2.679742 -11.643129 18.855751
35.311340 -17.274828 12.800751
23.225533 10.908661 -11.894257
-28.730858 -4.528728 45.806053
-9.891958 -9.113829 0.814743
30.215342 -6.322929 -1.802246
4.324342 7.332771 50.677650
38.027443 -19.206129 11.130753
-5.830158 -31.653227 -16.479248
1.334042 -12.041828 -8.517242
8.647841 23.966282 -20.030243
10.367262 -9.188629 -16.242249
18.902061 28.389471 23.141747
-10.826458 22.221941 45.843353
-30.101357 9.675161 49.095352
-38.137760 -10.384729 23.627747
-25.989758 1.215172 14.893753
12.036841 -14.396730 -15.308243
20.521801 22.533432 -27.219254
-36.879360 21.773401 29.483749
36.669441 -12.515329 -20.840256
40.756142 -19.056627 -7.197250
10.055772 6.286171 -1.951248
20.957891 -13.213028 19.241753
20.571642 -24.476530 15.952751
-20.819057 23.704632 44.510254
-14.688959 24.751232 1.786743
34.115143 -0.753529 -0.269257
-16.819458 -15.505629 3.592743
18.777472 1.887972 5.075745
23.998022 3.931272 -3.259247
34.239742 -16.203329 -6.187256
-37.365360 -6.148428 18.631752
40.195442 -2.784430 10.071747
26.315540 -26.719229 19.939751
-3.649759 28.638573 11.654747
14.939922 -17.810629 0.652756
-28.519058 -4.005428 5.710754
-0.921059 -1.438728 -5.726257
-3.213659 28.015640 -1.042252
36.706741 21.424532 8.539749
33.529541 27.380201 7.579758
-27.646858 3.507671 8.539749
-4.434658 -12.926428 27.041748
5.134242 29.710171 19.516747
14.042831 -27.005827 16.513748
-28.905258 1.688572 51.574753
13.930701 -22.956430 -16.703247
7.763212 -16.863729 -25.188248
-21.691158 -29.672129 38.106049
34.526344 20.427761 11.317749
-8.147659 9.077102 32.611748
-1.581459 19.480841 -22.584244
32.171539 9.002352 21.634750
33.529541 23.517742 -21.862244
37.778343 14.958021 7.343750
-52.316761 -11.443829 27.976753
-6.502958 -10.459528 21.434753
21.144781 -1.949629 23.353752
-12.084858 10.622091 44.273453
-13.580059 12.341511 -7.359253
-2.403759 8.703321 8.389755
0.985242 18.733265 -9.153244
29.604841 -2.535229 -39.168243
3.913241 3.258471 39.638550
3.664042 1.227571 36.049751
30.626541 -12.166430 15.740753
3.190541 19.082134 17.049751
33.155842 13.114001 -36.115250
22.477962 -2.634928 7.966751
-10.303158 -20.015928 -3.459244
19.300772 -11.668028 -24.316254
6.180852 -7.232430 -32.253250
16.136040 -7.842928 17.348747
2.916442 -18.196829 -12.467255
5.508032 15.867571 -7.907257
-24.905758 -23.218027 36.785751
-19.510757 -4.391729 50.191750
22.739613 -16.190928 1.001755
11.887332 -5.014629 20.587753
25.767242 -2.921429 -34.770248
-26.413357 -12.216328 32.312752
14.827786 -12.029428 8.863754
40.444641 -15.281328 16.588753
-20.382957 18.708347 48.858650
46.587242 10.360441 -12.691254
43.733940 12.030022 -27.755249
-5.742958 5.090072 52.210251
-8.496559 -21.922327 20.874748
-12.458658 7.731471 45.295151
-22.052559 2.049871 25.384750
14.578596 -22.757029 32.199753
7.925191 11.195231 -27.232254
-22.015160 -3.183128 -1.764252
-14.838459 18.957537 32.150749
11.675522 12.241831 -33.262253
31.324242 -10.546728 -8.144257
-12.732758 -4.204828 22.120750
-9.518158 -33.285431 -16.143250
-46.473259 3.071571 39.289650
8.946872 21.586502 -6.474243
-2.976959 4.741172 48.086151
34.327042 -12.490429 -8.605255
-13.193758 -4.478930 44.036751
